ID      TEST 1  TEST 2  TEST 3  TEST AVERAGES
1234    52      70      75      65.67
2134    90      75      90      85.00
3124    90      95      98      94.33
4532    11      17      81      36.33
5678    20      12      45      25.67
6134    34      45      55      44.67
7874    60      100     56      72.00
8026    70      10      66      48.67
9893    34      9       77      40.00
2233    78      20      78      58.67
1947    45      40      88      57.67
3456    78      55      78      70.33
2877    55      50      99      68.00
3189    87      94      74      85.00
2132    75      100     80      85.00
4602    89      50      91      76.67
3445    78      60      78      72.00
5405    11      11      0       7.33
4556    78      20      10      36.00
6999    88      98      89      91.67


STUDENTS WITH AN AVERAGE GREATER THAN 70.00
ID      AVERAGES
2134    85.00
3124    94.33
7874    72.00
3456    70.33
3189    85.00
2132    85.00
4602    76.67
3445    72.00
6999    91.67


STUDENTS WITH AN AVERAGE OF 85.00 OR GREATER
ID      AVERAGES
2134    85.00
3189    85.00
2132    85.00
6999    91.67
3124    94.33


STUDENT IDS IN ASCENDING ORDER
ID      TEST 1  TEST 2  TEST 3  TEST AVERAGES
1234    52      70      75      65.67
1947    45      40      88      57.67
2132    75      100     80      85.00
2134    90      75      90      85.00
2233    78      20      78      58.67
2877    55      50      99      68.00
3124    90      95      98      94.33
3189    87      94      74      85.00
3445    78      60      78      72.00
3456    78      55      78      70.33
4532    11      17      81      36.33
4556    78      20      10      36.00
4602    89      50      91      76.67
5405    11      11      0       7.33
5678    20      12      45      25.67
6134    34      45      55      44.67
6999    88      98      89      91.67
7874    60      100     56      72.00
8026    70      10      66      48.67
9893    34      9       77      40.00

Number of swaps to sort the IDs : 48

Enter an ID you wish to look for :1234
1234    52      70      75      65.67
Would you like to search for another ID (Y/N)? Y
Enter an ID you wish to look for :1947
1947    45      40      88      57.67
Would you like to search for another ID (Y/N)? Y
Enter an ID you wish to look for :3456
3456    78      55      78      70.33
Would you like to search for another ID (Y/N)? Y
Enter an ID you wish to look for :6999
6999    88      98      89      91.67
Would you like to search for another ID (Y/N)? Y
Enter an ID you wish to look for :7873
ID WAS NOT FOUND!!!
Would you like to search for another ID (Y/N)? N
THANK YOU FOR USING THIS PROGRAM! GOOD BYE!

--------------------------------
Process exited after 24.06 seconds with return value 0
Press any key to continue . . .